441 648
441 663
455 678
467 663
475 648
505 644
526 663
541 678
565 690
580 693
610 696
625 703
640 702
655 701
670 700
685 696
715 696
730 701
760 706 
790 706
805 702
835 698
850 712
880 718
893 693
882 678
869 663
866 648
859 633
858 618
856 603
856 588
855 573
850 558
837 543
820 524
790 509
760 511
730 526
706 543
672 588
655 658
646 633
651 618
655 603
659 558
655 517
621 498
575 498
535 508
505 519
490 527
475 536
460 547
445 558
437 573
434 588
434 603 
434 618 
440 633 
